-27801
-27801
-27801
-27801
-27801
-27801
-27801
-27801
-27801
-27801
-27801
-27801
-27801
-27801
-27801
-27801
-27801
-27801
-27801
-27801
-27801
-27801
-27801
-27801
-27801
-27801
-27801
-27801
-27801
-27801
-27801
-27801
-27801
-27801
-27801
-27801
-27801
-27801
-27801
-27801
-27801
-27801
-27801
-27801
-27801
-27801
-27801
-27801
-27801
-27801
-27801
-27801
-27801
-27801
-27801
-27801
-27801
-27801
-27801
-27801
-27801
-27801
-27801
-27801
-27801
-27801
-27801
-27801
-27801
-27801
-27801
-27801
-27801
-27801
-27801
-27801
-27801
-27801
-27801
-27801
-27801
-27801
-27801
-27801
-27801
-27801
-27801
-27801
-27801
-27801
-27801
-27801
-27801
-27801
-27801
-27801
-27801
-27801
-27801
-27801
-27801
-27801
-27801
-27801
-27801
-27801
-27801
-27801
-27801
-27801
-27801
-27801
-27801
-27801
-27801
-27801
-27801
-27801
-27801
-27801
-27801
-27801
-27801
-27801
-27801
-27801
-27801
-27801
-27801
-27801
-27801
-27801
-27801
-27801
-27801
-27801
-27801
-27801
-27801
-27801
-27801
-27801
-27801
-27801
-27801
-27801
-27801
-27801
-27801
-27801
-27801
-27801
-27801
-27801
-27801
-27801
-27801
-27801
-27801
-27801
-27801
-27801
-27801
-27801
-27801
-27801
-27801
-27801
-27801
-27801
-27801
-27801
-27801
-27801
-27801
-27801
-27801
-27801
-27801
-27801
-27801
-27801
-27801
-27801
-27801
-27801
-27801
-27801
-27801
-27801
-27801
-27801
-27801
-27801
-27801
-27801
-27801
-27801
-27801
-27801
-27801
-27801
42268
126518
104830
98157
22248
2228
-27801
-27801
-27801
-27801
-27801
-27801
-27801
-27801
-27801
-27801
-27801
-27801
-27801
-27801
-27801
-27801
-27801
-27801
-27801
-27801
-27801
-27801
157382
184075
184075
184075
184075
173231
137362
137362
137362
137362
137362
137362
137362
137362
114006
15575
-27801
-27801
-27801
-27801
-27801
-27801
-27801
-27801
-27801
-27801
-27801
-27801
28087
67293
32258
67293
108166
161553
184075
159884
184075
184075
184075
180738
163221
184075
184075
88981
-27801
-27801
-27801
-27801
-27801
-27801
-27801
-27801
-27801
-27801
-27801
-27801
-27801
-27801
-27801
-27801
-27801
-13621
27253
-16123
28087
28087
28087
21414
-10284
169060
184075
60619
-27801
-27801
-27801
-27801
-27801
-27801
-27801
-27801
-27801
-27801
-27801
-27801
-27801
-27801
-27801
-27801
-27801
-27801
-27801
-27801
-27801
-27801
-27801
-27801
41434
183241
146538
-12786
-27801
-27801
-27801
-27801
-27801
-27801
-27801
-27801
-27801
-27801
-27801
-27801
-27801
-27801
-27801
-27801
-27801
-27801
-27801
-27801
-27801
-27801
-27801
-9450
166557
184909
41434
-27801
-27801
-27801
-27801
-27801
-27801
-27801
-27801
-27801
-27801
-27801
-27801
-27801
-27801
-27801
-27801
-27801
-27801
-27801
-27801
-27801
-27801
-27801
-27801
79805
184075
170728
8902
-27801
-27801
-27801
-27801
-27801
-27801
-27801
-27801
-27801
-27801
-27801
-27801
-27801
-27801
-27801
-27801
-27801
-27801
-27801
-27801
-27801
-27801
-27801
21414
179904
184075
23917
-27801
-27801
-27801
-27801
-27801
-27801
-27801
-27801
-27801
-27801
-27801
-27801
-27801
-27801
-27801
-27801
-27801
-27801
-27801
-27801
-27801
-27801
-27801
-27801
83142
184075
128186
-23630
-27801
-27801
-27801
-27801
-27801
-27801
-27801
-27801
-27801
-27801
-27801
-27801
-27801
-27801
-27801
-27801
-27801
-27801
-27801
-27801
-27801
-27801
-27801
-20294
143201
179070
20580
-27801
-27801
-27801
-27801
-27801
-27801
-27801
-27801
-27801
-27801
-27801
-27801
-27801
-27801
-27801
-27801
-27801
-27801
-27801
-27801
-27801
-27801
-27801
-27801
77303
184075
124015
-27801
-27801
-27801
-27801
-27801
-27801
-27801
-27801
-27801
-27801
-27801
-27801
-27801
-27801
-27801
-27801
-27801
-27801
-27801
-27801
-27801
-27801
-27801
-27801
34761
181572
172397
19746
-27801
-27801
-27801
-27801
-27801
-27801
-27801
-27801
-27801
-27801
-27801
-27801
-27801
-27801
-27801
-27801
-27801
-27801
-27801
-27801
-27801
-27801
-27801
-11952
156548
184075
110669
-27801
-27801
-27801
-27801
-27801
-27801
-27801
-27801
-27801
-27801
-27801
-27801
-27801
-27801
-27801
-27801
-27801
-27801
-27801
-27801
-27801
-27801
-27801
-25299
141533
184075
154879
1394
-27801
-27801
-27801
-27801
-27801
-27801
-27801
-27801
-27801
-27801
-27801
-27801
-27801
-27801
-27801
-27801
-27801
-27801
-27801
-27801
-27801
-27801
-27801
3897
184075
184075
36429
-27801
-27801
-27801
-27801
-27801
-27801
-27801
-27801
-27801
-27801
-27801
-27801
-27801
-27801
-27801
-27801
-27801
-27801
-27801
-27801
-27801
-27801
-27801
-1942
159050
184075
68127
-26967
-27801
-27801
-27801
-27801
-27801
-27801
-27801
-27801
-27801
-27801
-27801
-27801
-27801
-27801
-27801
-27801
-27801
-27801
-27801
-27801
-27801
-27801
-27801
83142
184075
184075
15575
-27801
-27801
-27801
-27801
-27801
-27801
-27801
-27801
-27801
-27801
-27801
-27801
-27801
-27801
-27801
-27801
-27801
-27801
-27801
-27801
-27801
-27801
-27801
23082
174065
184075
184075
15575
-27801
-27801
-27801
-27801
-27801
-27801
-27801
-27801
-27801
-27801
-27801
-27801
-27801
-27801
-27801
-27801
-27801
-27801
-27801
-27801
-27801
-27801
-27801
73132
184075
184075
154879
5565
-27801
-27801
-27801
-27801
-27801
-27801
-27801
-27801
-27801
-27801
-27801
-27801
-27801
-27801
-27801
-27801
-27801
-27801
-27801
-27801
-27801
-27801
-27801
73132
184075
144869
-12786
-27801
-27801
-27801
-27801
-27801
-27801
-27801
-27801
-27801
-27801
-27801
-27801
-27801
-27801
-27801
-27801
-27801
-27801
-27801
-27801
-27801
-27801
-27801
-27801
-27801
-27801
-27801
-27801
-27801
-27801
-27801
-27801
-27801
-27801
-27801
-27801
-27801
-27801
-27801
-27801
-27801
-27801
